Confusion Matrix
                    Actual class
                               0               1               2               3               4               5               6
               0           19373           25987            3229             270             853            1554            1840
               1           26024           34266            4338             351            1182            2142            2495
               2            3192            4340             566              44             150             278             307
               3             226             344              59               4              10              23              22
               4             876            1163             154               8              33              73              71
               5            1616            2031             293              20              55             145             146
               6            1875            2496             318              23              84             128             176

           19373           25987            3229             270             853            1554            1840
           26024           34266            4338             351            1182            2142            2495
            3192            4340             566              44             150             278             307
             226             344              59               4              10              23              22
             876            1163             154               8              33              73              71
            1616            2031             293              20              55             145             146
            1875            2496             318              23              84             128             176

Metrics for a given class
True Positives
False Positives
False Negatives
True Negatives
Precision
Recall
Fall-out
F-Measure

Metrics for class 0 classification
19373
33733
33809
58338
0.3647987044778368
0.3642773870858561
0.3663802934691705
0.36453785940087313


Metrics for class 1 classification
34266
36532
36361
38094
0.4839967230712732
0.4851685615982556
0.48953447859995175
0.4845819338872193


Metrics for class 2 classification
566
8311
8391
127985
0.06376027937366227
0.0631908004912359
0.06097757821212655
0.06347426264438712


Metrics for class 3 classification
4
684
716
143849
0.005813953488372093
0.005555555555555556
0.004732483239121861
0.005681818181818182


Metrics for class 4 classification
33
2345
2334
140541
0.013877207737594618
0.01394169835234474
0.016411684839662388
0.013909378292939938


Metrics for class 5 classification
145
4161
4198
136749
0.03367394333488156
0.033387059636196176
0.029529486906536086
0.03352988784830616


Metrics for class 6 classification
176
4924
4881
135272
0.034509803921568626
0.03480324302946411
0.0351222574110531
0.03465590233336615


Macro measures
Precision
Recall
Fall-out
F-Measure
0.14291865934359846
0.14290347224984404
0.14324118038251749
0.14291014894127288


Micro measures
Precision
Recall
Fall-out
F-Measure
0.37529591468545437
0.37564112273068373
0.37832938540830596
0.3754679714866541

