Confusion Matrix
                    Actual class
                               0               1               2               3               4               5               6
               0           77097          103316           13137             959            3421            6315            7489
               1          103449          138066           17316            1388            4703            8447            9960
               2           12939           17540            2255             173             608            1080            1330
               3             995            1275             170              11              35              90              93
               4            3400            4617             580              42             149             282             338
               5            6465            8443            1102              74             266             513             591
               6            7495           10044            1194             100             311             640             709

           77097          103316           13137             959            3421            6315            7489
          103449          138066           17316            1388            4703            8447            9960
           12939           17540            2255             173             608            1080            1330
             995            1275             170              11              35              90              93
            3400            4617             580              42             149             282             338
            6465            8443            1102              74             266             513             591
            7495           10044            1194             100             311             640             709

Metrics for a given class
True Positives
False Positives
False Negatives
True Negatives
Precision
Recall
Fall-out
F-Measure

Metrics for class 0 classification
77097
134637
134743
234535
0.36412196435149763
0.36393976586102716
0.36469992307108884
0.3640308423085458


Metrics for class 1 classification
138066
145263
145235
152448
0.48729921751744437
0.4873473796421474
0.4879329282424902
0.48732329738983116


Metrics for class 2 classification
2255
33670
33499
511588
0.0627696590118302
0.06306986630866476
0.06175058412714715
0.06291940456758605


Metrics for class 3 classification
11
2658
2736
575607
0.004121393780442113
0.004004368401892974
0.004596508521179736
0.004062038404726735


Metrics for class 4 classification
149
9259
9344
562260
0.015837585034013606
0.015695775834825662
0.0162006862414023
0.015766361568170996


Metrics for class 5 classification
513
16941
16854
546704
0.029391543485733928
0.02953878044567283
0.030056152365407304
0.02946497803049884


Metrics for class 6 classification
709
19784
19801
540718
0.034597179524715756
0.03456850316918576
0.03529693025180999
0.03458283540228764


Macro measures
Precision
Recall
Fall-out
F-Measure
0.14259122038652536
0.14259491995191664
0.14293338754578935
0.14259282252452105


Micro measures
Precision
Recall
Fall-out
F-Measure
0.37660825884775395
0.3765843046270989
0.37711801744762447
0.3765962359070198

